%YAML:1.0
---
R: !!opencv-matrix
   rows: 3
   cols: 3
   dt: d
   data: [ 9.9992883036933200e-01, 2.3233775861623940e-03,
       -1.1701970467054424e-02, -2.2355397782279451e-03,
       9.9996927259302382e-01, 7.5137361997013848e-03,
       1.1719068142120185e-02, -7.4870412294083611e-03,
       9.9990329915222775e-01 ]
T: !!opencv-matrix
   rows: 3
   cols: 1
   dt: d
   data: [ 6.9299347511815100e+01, 6.6409580165308535e-01,
       -1.6541950632880442e+00 ]
R1: !!opencv-matrix
   rows: 3
   cols: 3
   dt: d
   data: [ 9.9929714470380870e-01, 1.2080807332500425e-02,
       -3.5486204094132306e-02, -1.1947106779265445e-02,
       9.9992072065202853e-01, 3.9773169766570970e-03,
       3.5531439971105007e-02, -3.5505640288520323e-03,
       9.9936225177292792e-01 ]
R2: !!opencv-matrix
   rows: 3
   cols: 3
   dt: d
   data: [ 9.9966935188436912e-01, 9.5798336270696352e-03,
       -2.3862390717683986e-02, -9.6696055635848849e-03,
       9.9994658842408624e-01, -3.6495242533759833e-03,
       2.3826154354625373e-02, 3.8790574511027918e-03,
       9.9970859118143063e-01 ]
P1: !!opencv-matrix
   rows: 3
   cols: 4
   dt: d
   data: [ 4.8037537054835025e+02, 0., 3.4950295639038086e+02, 0., 0.,
       4.8037537054835025e+02, 2.1771144485473633e+02, 0., 0., 0., 1.,
       0. ]
P2: !!opencv-matrix
   rows: 3
   cols: 4
   dt: d
   data: [ 4.8037537054835025e+02, 0., 3.4950295639038086e+02,
       3.3300710556941915e+04, 0., 4.8037537054835025e+02,
       2.1771144485473633e+02, 0., 0., 0., 1., 0. ]
Q: !!opencv-matrix
   rows: 4
   cols: 4
   dt: d
   data: [ 1., 0., 0., -3.4950295639038086e+02, 0., 1., 0.,
       -2.1771144485473633e+02, 0., 0., 0., 4.8037537054835025e+02, 0.,
       0., -1.4425378993848844e-02, 0. ]
F: !!opencv-matrix
   rows: 3
   cols: 3
   dt: d
   data: [ 1.6768003705705188e-08, 6.7730051232957664e-06,
       -9.9072071740395121e-05, -1.0135637298408679e-05,
       2.1174484419590769e-06, -1.3532731585158275e-01,
       5.5613792625959881e-04, 1.3470692715036964e-01, 1. ]
