%YAML:1.0
---
M1: !!opencv-matrix
   rows: 3
   cols: 3
   dt: d
   data: [ 4.8592278876454276e+02, 0., 3.4198550662716838e+02, 0.,
       4.8572156754209004e+02, 2.1301509224628020e+02, 0., 0., 1. ]
D1: !!opencv-matrix
   rows: 1
   cols: 5
   dt: d
   data: [ 1.7333569807883520e-01, -4.2808153721098863e-01,
       5.4424007696638145e-03, -5.7081310737237302e-03,
       4.8490756742662333e-01 ]
M2: !!opencv-matrix
   rows: 3
   cols: 3
   dt: d
   data: [ 4.8268874599237989e+02, 0., 3.2566323562430040e+02, 0.,
       4.8214774683433694e+02, 2.1551875674397144e+02, 0., 0., 1. ]
D2: !!opencv-matrix
   rows: 1
   cols: 5
   dt: d
   data: [ 1.2992476664183777e-01, -1.9738562370505680e-01,
       2.4831344354075799e-03, -2.0411150626151917e-03,
       1.0289923477751987e-01 ]
