[Transform]
Xoff_cm=5.963922
Yoff_cm=-9.903407
Zoff_cm=0.407998
Xrot_deg=0.136855
Yrot_deg=1.045492
Zrot_deg=-0.069123
